51.07 51.08 51.03 50.92 50.75 50.54 50.3 50.04 49.79 49.54 49.3 49.09 48.89 48.71 48.53 48.36 48.18 48 47.83 47.67 47.54 47.46 47.43 47.47 47.59 47.79 48.04 48.35 48.38 48.85 49.23 49.77 50.24 50.62 50.63 50.58 50.44 50.13 49.97 49.89 49.69 49.37 49.14 48.95 49.12 49.11 49.12 49.09 49.29 49.43 49.45 49.63 49.84 49.96 50.28 50.62 50.93 51.2 51.42 51.48 50.26 50.22 50.15 50.04 49.9 49.74 49.57 49.4 49.25 49.11 48.98 48.87 48.75 48.61 48.45 48.26 48.04 47.8 47.53 47.25 46.98 46.72 46.48 46.25 46.05 45.85 45.66 45.47 45.27 45.06 44.85 44.66 44.49 44.34 44.23 44.15 44.1 44.06 44.02 43.96 43.87
51.38 51.33 51.22 51.04 50.82 50.56 50.29 50.02 49.76 49.53 49.33 49.17 49.02 48.9 48.78 48.65 48.51 48.37 48.22 48.07 47.95 47.86 47.84 47.89 48.02 48.23 48.51 48.85 49.26 49.83 50.28 50.8 51.29 51.36 51.51 51.89 52.15 51.59 51.04 50.76 50.95 50.46 50.54 50.17 50.33 50.48 50.45 50.58 50.71 50.89 50.92 50.81 50.82 50.82 51.17 51.51 51.58 51.52 51.53 51.55 50.3 50.22 50.11 49.97 49.81 49.64 49.46 49.29 49.14 48.99 48.87 48.74 48.62 48.49 48.34 48.16 47.96 47.74 47.51 47.27 47.03 46.81 46.6 46.4 46.21 46.02 45.82 45.62 45.41 45.19 44.96 44.75 44.56 44.41 44.28 44.19 44.13 44.08 44.03 43.97 43.87
51.62 51.51 51.34 51.1 50.84 50.56 50.28 50.03 49.81 49.64 49.52 49.43 49.38 49.33 49.29 49.22 49.13 49.02 48.88 48.73 48.59 48.48 48.43 48.45 48.56 48.76 49.03 49.37 49.75 50.53 51.03 51.41 51.82 52.08 52.82 53.25 53.43 53.13 52.38 51.78 51.6 51.58 51.59 51.52 51.62 51.84 51.96 52 51.93 52.2 52.13 51.95 51.88 51.83 51.98 51.89 51.54 51.31 51.2 51.15 50.1 49.99 49.86 49.73 49.58 49.43 49.28 49.13 48.99 48.87 48.74 48.62 48.5 48.36 48.2 48.03 47.84 47.63 47.42 47.22 47.02 46.83 46.65 46.48 46.31 46.13 45.94 45.74 45.52 45.29 45.07 44.85 44.65 44.49 44.35 44.25 44.17 44.11 44.05 43.97 43.87
51.77 51.61 51.39 51.12 50.84 50.56 50.31 50.11 49.96 49.88 49.85 49.86 49.91 49.95 49.99 49.98 49.94 49.84 49.7 49.54 49.38 49.24 49.15 49.14 49.21 49.37 49.61 49.92 50.59 51.02 51.65 52.18 52.34 52.84 53.47 53.63 53.63 53.63 53.02 52.07 51.71 52.02 52.46 52.2 51.87 52.33 52.63 52.39 52.17 52.36 52.42 52.01 51.91 51.69 51.78 51.49 51.06 51.06 51.22 51.07 49.81 49.69 49.58 49.47 49.36 49.24 49.13 49.02 48.91 48.8 48.68 48.55 48.4 48.24 48.07 47.88 47.68 47.48 47.28 47.1 46.93 46.77 46.62 46.48 46.33 46.17 45.99 45.79 45.58 45.36 45.13 44.92 44.73 44.56 44.42 44.31 44.22 44.14 44.05 43.95 43.83
51.83 51.64 51.39 51.12 50.85 50.6 50.41 50.28 50.22 50.23 50.3 50.42 50.55 50.67 50.77 50.81 50.79 50.71 50.57 50.39 50.21 50.04 49.92 49.87 49.91 50.04 50.24 50.5 51.47 52.08 52.31 52.24 52.55 52.91 53.4 53.44 53.31 52.91 52.14 51.9 51.86 52 51.9 51.82 51.81 52.31 52.65 52.67 52.55 52.16 51.85 51.58 51.57 51.45 50.96 50.6 50.32 50.5 50.7 50.59 49.55 49.46 49.38 49.31 49.24 49.17 49.1 49.02 48.93 48.82 48.69 48.53 48.36 48.16 47.94 47.72 47.5 47.3 47.11 46.94 46.79 46.66 46.53 46.41 46.28 46.13 45.96 45.77 45.56 45.35 45.14 44.94 44.76 44.6 44.47 44.36 44.25 44.15 44.05 43.93 43.79
51.82 51.62 51.38 51.14 50.92 50.74 50.63 50.59 50.62 50.72 50.87 51.06 51.25 51.41 51.53 51.59 51.57 51.48 51.33 51.15 50.95 50.77 50.64 50.58 50.61 50.71 50.88 51.1 52.11 52.14 52.49 52.5 52.58 52.41 52.79 52.69 52.38 51.84 51.3 51.62 51.85 51.76 51.74 52.14 52.24 52.46 52.5 52.42 52.4 52.07 51.69 51.25 50.93 50.65 50.38 50.26 49.96 49.78 49.87 49.9 49.4 49.34 49.31 49.28 49.26 49.23 49.19 49.13 49.04 48.92 48.76 48.57 48.34 48.09 47.83 47.57 47.33 47.11 46.92 46.76 46.63 46.51 46.41 46.3 46.18 46.03 45.86 45.68 45.48 45.27 45.08 44.9 44.74 44.6 44.48 44.38 44.27 44.16 44.04 43.9 43.74
51.43 51.36 51.28 51.27 51.34 51.63 51.87 51.78 51.98 52.08 52.16 52.77 53.12 53.7 53.82 53.58 53.79 53.57 53.42 53.03 52.6 52.51 52.18 51.85 51.57 51.58 52.05 52.34 52.38 52.66 52.71 52.72 52.61 52.41 52.31 51.91 51.82 51.14 50.65 50.97 51.29 51.38 51.98 52.42 52.58 52.53 52.51 52.15 51.91 51.55 51.32 50.86 50.53 50.25 50.02 49.78 49.64 49.45 49.29 49.28 49.31 49.3 49.32 49.33 49.35 49.35 49.33 49.27 49.17 49.03 48.83 48.59 48.32 48.02 47.72 47.42 47.16 46.93 46.74 46.59 46.48 46.38 46.28 46.18 46.05 45.9 45.73 45.53 45.33 45.14 44.96 44.8 44.67 44.56 44.47 44.38 44.29 44.18 44.05 43.89 43.72
51.23 51.24 51.34 51.56 52.04 52.42 52.67 52.93 53.19 53.43 53.69 54.22 54.56 54.43 54.04 54.1 54.28 53.95 53.59 52.88 52.44 52.76 52.42 52.08 52.18 52.42 52.58 52.76 52.96 53 52.97 52.72 52.83 53.2 52.97 52.38 51.72 50.95 50.6 50.21 50.73 51.49 51.98 52.28 52.2 52.06 51.59 51.36 51 50.95 50.41 49.76 49.45 49.14 49.16 49.18 49.42 49.42 49.46 49.18 49.18 49.23 49.29 49.35 49.39 49.41 49.4 49.34 49.22 49.05 48.83 48.55 48.24 47.91 47.58 47.27 47 46.78 46.6 46.47 46.37 46.28 46.19 46.08 45.94 45.77 45.58 45.38 45.18 44.98 44.82 44.68 44.58 44.5 44.44 44.37 44.3 44.2 44.07 43.92 43.74
51.4 51.73 52.07 52.17 52.32 52.98 53.61 53.83 53.84 53.74 53.89 54.01 54.09 54.17 54.16 53.98 54.04 53.58 53.37 52.82 51.96 52.07 51.6 51.52 51.37 51.79 52.52 52.79 52.93 52.53 52.5 52.3 52.86 52.86 52.21 51.69 51.06 50.23 50.12 50.1 50.68 51.14 51.51 51.62 51.36 51.18 50.69 50.26 50.1 49.73 49.15 48.49 48.07 47.73 47.99 48.23 48.54 48.64 48.87 48.61 48.91 49.01 49.1 49.19 49.25 49.29 49.28 49.22 49.1 48.92 48.68 48.39 48.07 47.73 47.4 47.1 46.85 46.65 46.49 46.38 46.3 46.22 46.13 46.01 45.86 45.68 45.47 45.25 45.03 44.84 44.69 44.57 44.5 44.45 44.41 44.37 44.32 44.24 44.12 43.97 43.8
51.79 52.23 52.52 52.93 53.01 53.52 53.63 53.82 54.36 54.75 55.09 54.71 54.85 54.5 53.74 53.35 53.88 53.39 52.64 51.98 51.48 51.07 51.18 50.78 50.7 51.29 51.5 51.76 51.96 51.91 51.74 52.01 52.63 52.82 52.47 51.76 51.35 50.25 50.11 50.49 50.86 51.07 50.97 50.81 50.58 50.15 49.81 49.38 49.02 48.31 47.56 46.92 46.58 46.38 46.48 46.8 47.12 47.41 47.66 47.94 48.41 48.55 48.67 48.78 48.87 48.92 48.92 48.87 48.77 48.59 48.36 48.09 47.78 47.47 47.17 46.9 46.69 46.52 46.4 46.32 46.26 46.19 46.1 45.97 45.81 45.61 45.39 45.16 44.94 44.75 44.61 44.51 44.45 44.42 44.41 44.39 44.36 44.29 44.19 44.05 43.89
51.59 51.95 52.54 53.37 54.01 53.97 54.61 55.72 56.13 56.37 56.41 56.13 55.63 54.85 53.79 53.29 53.43 52.63 51.52 50.96 50.44 50.44 50.25 49.78 50.35 50.48 51.02 51.34 51.67 51.8 51.87 51.5 52.26 52.46 51.53 50.99 50.51 50.04 50.04 50.54 50.35 50.36 50.24 49.92 49.3 48.7 48.44 48.14 47.65 46.68 45.97 45.57 45.43 45.36 45.45 45.58 45.83 46.23 46.65 47.01 47.69 47.85 48 48.13 48.23 48.3 48.33 48.31 48.23 48.08 47.89 47.65 47.39 47.12 46.87 46.66 46.5 46.38 46.3 46.25 46.2 46.15 46.06 45.94 45.77 45.57 45.34 45.11 44.9 44.72 44.58 44.5 44.45 44.44 44.43 44.43 44.4 44.35 44.25 44.13 43.98
52.02 52.53 53.12 53.97 54.95 55.45 55.74 56.53 56.86 56.86 56.65 56.39 55.44 54.47 53.91 53.01 51.75 50.83 49.94 49.31 48.86 48.87 48.74 48.99 49.21 49.5 49.69 50.2 50.2 50.41 50.45 50.65 51.52 51.19 50.9 50.37 50.07 50.05 50.32 50.31 50.27 49.98 49.21 48.75 48.24 47.72 46.94 46.27 45.61 45.1 44.77 44.58 44.57 44.58 44.7 44.85 45.08 45.38 45.98 46.56 46.85 47.02 47.18 47.32 47.45 47.54 47.6 47.6 47.55 47.45 47.3 47.12 46.92 46.71 46.53 46.38 46.27 46.2 46.16 46.13 46.11 46.07 45.99 45.88 45.72 45.52 45.31 45.1 44.9 44.74 44.62 44.54 44.51 44.49 44.49 44.48 44.45 44.39 44.3 44.19 44.05
52.27 52.78 53.67 55.04 55.47 55.83 55.74 55.76 56.22 55.87 55.8 55.53 54.77 53.95 53.04 51.91 50.53 49.33 48.52 47.85 47.46 47.36 47.49 47.49 47.83 47.96 48.17 48.47 48.64 48.69 49.24 49.85 50.01 49.9 49.96 49.49 49.67 49.83 50.08 49.56 49.29 48.95 48.18 47.56 46.81 46.25 45.69 45.16 44.71 44.4 44.2 44.07 44.06 44.1 44.25 44.4 44.68 44.98 45.33 45.65 46.01 46.18 46.35 46.5 46.64 46.75 46.83 46.87 46.85 46.79 46.69 46.56 46.42 46.28 46.16 46.07 46.01 45.98 45.97 45.98 45.97 45.94 45.87 45.77 45.62 45.46 45.27 45.09 44.93 44.79 44.7 44.63 44.59 44.57 44.56 44.53 44.49 44.42 44.32 44.21 44.07
52.32 53.29 54.43 55.23 55.48 55.57 55.37 55.42 55.57 55.32 54.67 54.75 54.11 53.08 51.65 50.14 48.81 47.76 46.97 46.41 46.04 45.87 45.78 45.82 45.97 46.1 46.28 46.52 46.78 47.03 47.64 48.04 48.32 48.5 48.39 49.08 49.21 49.55 49.14 48.38 47.74 47.19 46.62 46.12 45.66 45.26 44.85 44.48 44.23 44.03 43.88 43.83 43.85 43.89 44 44.17 44.4 44.62 44.92 45.32 45.32 45.49 45.65 45.81 45.95 46.07 46.16 46.2 46.21 46.18 46.12 46.04 45.95 45.87 45.8 45.76 45.75 45.76 45.78 45.79 45.79 45.77 45.71 45.62 45.5 45.37 45.22 45.08 44.96 44.86 44.79 44.73 44.7 44.66 44.63 44.58 44.51 44.42 44.31 44.2 44.07
53 54.11 54.54 55.36 56.16 56.4 56.3 56.28 56.22 55.65 54.71 53.68 52.7 51.12 49.59 48.22 47.12 46.18 45.49 45.03 44.72 44.47 44.32 44.29 44.3 44.3 44.38 44.57 44.79 45.18 45.7 46.29 46.44 46.5 46.86 47.34 47.83 48.04 47.8 47.29 46.76 46.23 45.76 45.3 44.87 44.55 44.28 44.05 43.93 43.83 43.77 43.71 43.72 43.75 43.92 44.06 44.24 44.42 44.68 45.1 44.87 45.02 45.17 45.32 45.45 45.56 45.64 45.68 45.69 45.68 45.64 45.6 45.55 45.52 45.51 45.51 45.54 45.57 45.61 45.63 45.64 45.61 45.56 45.48 45.38 45.27 45.17 45.07 44.99 44.92 44.87 44.83 44.79 44.75 44.69 44.61 44.51 44.4 44.28 44.16 44.04
54.01 54.56 55.48 56.46 56.7 56.9 56.54 55.91 55.56 54.63 53.78 52.36 50.72 49.13 47.65 46.49 45.59 44.86 44.32 43.91 43.6 43.35 43.15 42.97 42.83 42.74 42.72 42.79 42.88 43.12 43.57 44.06 44.54 44.9 45.29 45.69 46 46.17 46.21 46.1 45.97 45.73 45.32 44.93 44.51 44.2 43.99 43.85 43.8 43.72 43.68 43.66 43.68 43.73 43.82 43.92 44.03 44.25 44.61 44.89 44.65 44.78 44.91 45.04 45.14 45.22 45.28 45.31 45.31 45.3 45.28 45.26 45.25 45.27 45.3 45.35 45.41 45.47 45.52 45.55 45.56 45.53 45.47 45.4 45.31 45.22 45.14 45.07 45.02 44.98 44.95 44.92 44.88 44.82 44.74 44.63 44.51 44.38 44.24 44.12 44
54.89 55.47 55.95 56.28 56.98 57 56.53 55.68 54.71 53.44 52 50.43 48.71 47.32 46.08 45.11 44.4 43.79 43.37 43.01 42.73 42.43 42.15 41.85 41.58 41.38 41.26 41.22 41.27 41.46 41.78 42.25 42.73 43.21 43.66 44.02 44.34 44.55 44.73 44.85 44.99 44.96 44.9 44.57 44.25 43.98 43.81 43.72 43.68 43.65 43.64 43.64 43.65 43.69 43.78 43.82 43.86 44 44.28 44.51 44.6 44.71 44.81 44.9 44.97 45.02 45.04 45.04 45.03 45.01 45.01 45.02 45.06 45.12 45.2 45.3 45.4 45.48 45.55 45.59 45.59 45.56 45.49 45.41 45.32 45.23 45.16 45.1 45.07 45.05 45.03 45 44.96 44.88 44.78 44.66 44.51 44.36 44.21 44.08 43.96
55.34 55.75 56.04 56.13 56.41 56.32 55.75 55.02 54.07 52.37 50.68 49.06 47.56 46.27 45.12 44.2 43.55 43 42.65 42.36 42.09 41.78 41.5 41.21 40.91 40.65 40.45 40.3 40.26 40.33 40.55 40.9 41.33 41.73 42.16 42.54 42.93 43.25 43.56 43.84 44.08 44.22 44.25 44.1 43.89 43.67 43.56 43.49 43.44 43.42 43.42 43.43 43.48 43.57 43.7 43.81 43.85 43.84 44.14 44.36 44.58 44.67 44.75 44.81 44.84 44.85 44.84 44.82 44.8 44.8 44.81 44.86 44.94 45.06 45.19 45.34 45.48 45.6 45.69 45.74 45.75 45.71 45.64 45.54 45.44 45.34 45.26 45.19 45.15 45.13 45.11 45.08 45.03 44.95 44.84 44.7 44.54 44.37 44.21 44.06 43.93
55.66 55.93 56.05 55.95 55.89 55.51 54.88 54.08 53.13 51.58 49.97 48.44 46.93 45.66 44.62 43.75 43.14 42.65 42.31 42.03 41.79 41.54 41.33 41.09 40.69 40.31 40.04 39.83 39.7 39.63 39.7 39.9 40.19 40.49 40.86 41.26 41.7 42.1 42.5 42.87 43.16 43.4 43.5 43.48 43.36 43.21 43.14 43.08 43.03 43.03 43.04 43.08 43.18 43.32 43.47 43.63 43.77 43.64 43.87 44.11 44.5 44.58 44.64 44.67 44.67 44.65 44.63 44.6 44.59 44.6 44.65 44.74 44.88 45.04 45.23 45.43 45.61 45.77 45.9 45.97 45.98 45.95 45.88 45.77 45.65 45.53 45.43 45.35 45.29 45.24 45.21 45.17 45.12 45.03 44.91 44.76 44.59 44.4 44.22 44.05 43.9
55.87 56.04 56.04 55.84 56.05 55.28 54.26 53.34 52.16 50.66 49.17 47.75 46.41 45.33 44.47 43.78 43.26 42.77 42.43 42.2 42.05 41.95 41.86 41.68 41.27 40.79 40.38 40.04 39.77 39.55 39.42 39.41 39.53 39.7 39.99 40.35 40.78 41.2 41.63 42.02 42.39 42.63 42.75 42.78 42.73 42.64 42.57 42.53 42.5 42.48 42.49 42.58 42.72 42.9 43.12 43.33 43.55 43.47 43.58 43.77 44.29 44.36 44.41 44.42 44.41 44.38 44.36 44.34 44.35 44.4 44.5 44.64 44.82 45.03 45.27 45.5 45.73 45.92 46.08 46.18 46.22 46.21 46.15 46.05 45.92 45.79 45.66 45.55 45.46 45.39 45.33 45.28 45.21 45.12 45 44.84 44.66 44.45 44.24 44.04 43.86
55.96 56.09 56.06 55.83 56.28 55.58 54.21 52.89 51.65 50.19 48.79 47.58 46.44 45.51 44.78 44.19 43.72 43.28 43.02 42.88 42.87 42.9 42.93 42.84 42.4 41.91 41.36 40.78 40.3 39.9 39.59 39.37 39.31 39.39 39.56 39.79 40.1 40.45 40.85 41.23 41.59 41.88 42.02 42.04 42.01 41.93 41.86 41.81 41.82 41.83 41.9 42 42.16 42.39 42.67 42.94 43.18 43.22 43.36 43.46 43.94 44.02 44.06 44.07 44.06 44.04 44.03 44.05 44.1 44.19 44.33 44.51 44.73 44.97 45.24 45.5 45.75 45.97 46.16 46.3 46.39 46.41 46.39 46.31 46.19 46.06 45.91 45.77 45.65 45.55 45.46 45.39 45.31 45.22 45.1 44.94 44.75 44.53 44.29 44.05 43.83
55.93 56.08 56.1 55.93 56.46 55.92 54.71 53.21 51.82 50.37 49.06 47.89 46.85 46.17 45.64 45.16 44.83 44.48 44.3 44.21 44.19 44.34 44.57 44.2 43.92 43.37 42.9 42.09 41.35 40.72 40.22 39.81 39.65 39.5 39.49 39.52 39.62 39.8 40.08 40.42 40.78 41.05 41.24 41.33 41.33 41.24 41.13 41.09 41.11 41.17 41.31 41.46 41.65 41.91 42.22 42.53 42.83 42.94 43.11 43.22 43.53 43.61 43.65 43.66 43.66 43.66 43.69 43.74 43.83 43.97 44.14 44.35 44.58 44.84 45.1 45.37 45.63 45.87 46.09 46.28 46.42 46.5 46.53 46.5 46.42 46.29 46.14 45.98 45.83 45.7 45.59 45.5 45.41 45.32 45.2 45.04 44.85 44.62 44.35 44.08 43.81
55.78 56 56.11 56.04 56.58 55.77 55.03 54.03 52.84 51.34 50.02 48.9 48 47.5 46.97 46.55 46.31 46.08 45.94 45.79 45.49 45.59 45.68 45.46 45.21 44.75 44.06 43.49 42.67 42.22 41.56 40.88 40.62 40.34 40.08 39.92 39.83 39.87 39.93 40.07 40.23 40.39 40.53 40.63 40.68 40.6 40.48 40.42 40.46 40.54 40.7 40.91 41.14 41.42 41.77 42.11 42.47 42.67 42.87 43 43.05 43.04 43 42.91 43.28 43.3 43.36 43.45 43.57 43.74 43.93 44.14 44.37 44.61 44.86 45.11 45.36 45.61 45.86 46.1 46.3 46.46 46.56 46.59 46.56 46.47 46.33 46.16 46 45.84 45.7 45.59 45.5 45.41 45.3 45.16 44.97 44.74 44.47 44.17 43.86
55.5 55.8 56.01 56.07 56.4 55.8 55.29 54.39 53.36 52.15 51.02 50.07 49.35 48.87 48.31 47.84 47.58 47.38 46.92 46.47 46.2 46.3 46.32 46.28 46.17 45.77 45.23 44.85 44.39 43.84 43.17 42.34 42 41.58 41.2 40.96 40.63 40.5 40.42 40.37 40.28 40.23 40.21 40.19 40.17 40.11 40.02 39.98 40.02 40.11 40.25 40.46 40.69 40.99 41.33 41.71 42.12 42.45 42.75 42.93 43.01 42.98 42.91 42.83 42.95 43 43.07 43.19 43.33 43.51 43.7 43.9 44.11 44.32 44.53 44.75 44.99 45.25 45.53 45.81 46.07 46.31 46.49 46.59 46.62 46.57 46.45 46.29 46.12 45.94 45.8 45.68 45.58 45.5 45.41 45.3 45.13 44.92 44.65 44.34 44.02
55.09 55.46 55.74 55.9 56.59 55.95 55.51 54.87 54.03 53.15 52.27 51.45 50.67 50.05 49.43 48.78 48.08 47.38 46.8 46.31 46.18 46.31 46.37 46.34 46.46 46.38 46.28 45.93 45.35 45.26 44.95 44.33 43.83 43.37 42.94 42.48 42.07 41.83 41.45 41.32 41.11 40.86 40.57 40.35 40.17 40.04 39.94 39.88 39.89 39.93 40.03 40.18 40.4 40.65 40.98 41.37 41.81 42.24 42.61 42.87 43.01 43.02 42.94 42.84 42.7 42.76 42.85 42.97 43.12 43.28 43.46 43.64 43.81 43.98 44.16 44.36 44.59 44.86 45.16 45.48 45.8 46.1 46.35 46.52 46.6 46.59 46.5 46.36 46.19 46.02 45.87 45.76 45.68 45.62 45.56 45.48 45.36 45.18 44.94 44.65 44.33
54.59 54.97 55.28 55.46 56.54 56.32 56.17 55.66 54.86 54.11 53.51 52.63 51.59 50.72 49.91 48.93 47.88 47.09 46.56 46.2 46.05 46.13 46.16 46.24 46.42 46.63 46.57 46.42 46.19 45.94 45.93 45.76 45.56 45.18 44.9 44.2 43.72 43.35 43.09 42.95 42.6 42.24 41.77 41.29 40.88 40.61 40.44 40.3 40.18 40.1 40.11 40.18 40.34 40.53 40.8 41.14 41.58 42.08 42.52 42.86 43.03 43.08 43 42.86 42.54 42.6 42.68 42.79 42.92 43.06 43.21 43.36 43.51 43.65 43.82 44.01 44.24 44.51 44.83 45.18 45.54 45.88 46.17 46.39 46.51 46.54 46.49 46.37 46.22 46.07 45.94 45.85 45.8 45.77 45.76 45.73 45.65 45.53 45.33 45.08 44.79
54.02 54.36 54.63 54.77 56.23 55.91 55.79 55.48 55 54.01 53.38 52.41 51.42 50.51 49.56 48.55 47.58 47.04 46.61 46.35 46.33 46.35 46.3 46.28 46.33 46.39 46.54 46.63 46.72 46.7 46.87 46.64 46.17 46.17 46.05 45.77 45.32 44.98 44.62 44.31 44.03 43.69 43.21 42.69 42.15 41.75 41.46 41.13 40.83 40.68 40.6 40.58 40.62 40.74 40.92 41.18 41.57 42.06 42.51 42.85 43.05 43.1 43.06 42.93 42.46 42.5 42.56 42.64 42.74 42.85 42.97 43.09 43.22 43.36 43.53 43.73 43.97 44.26 44.6 44.96 45.33 45.68 45.98 46.21 46.36 46.41 46.39 46.32 46.21 46.1 46.02 45.97 45.96 45.99 46.02 46.04 46.03 45.96 45.82 45.62 45.36
53.44 53.69 53.84 53.89 55.22 54.99 54.63 54.26 53.76 53.08 52.46 51.74 50.84 50.11 49.18 48.26 47.46 47.03 46.66 46.54 46.61 46.63 46.53 46.42 46.39 46.28 46.36 46.55 46.78 46.68 46.76 46.97 46.82 46.72 46.53 46.28 45.93 45.78 45.5 45.16 44.9 44.91 44.69 44.16 43.61 43.12 42.62 42.23 41.87 41.62 41.42 41.32 41.24 41.28 41.37 41.48 41.71 42.13 42.51 42.8 42.98 43.04 43.02 42.94 42.45 42.47 42.49 42.53 42.58 42.65 42.74 42.85 42.97 43.13 43.32 43.54 43.81 44.12 44.45 44.81 45.16 45.48 45.76 45.98 46.13 46.21 46.22 46.2 46.16 46.12 46.11 46.12 46.18 46.25 46.34 46.41 46.44 46.42 46.34 46.19 45.98
52.87 52.98 52.99 52.9 54.84 54.4 53.69 53.2 52.58 51.79 51.33 50.66 49.96 49.32 48.6 47.85 47.18 46.88 46.77 46.82 46.86 46.8 46.74 46.73 46.77 46.66 46.59 46.69 46.9 46.8 46.79 46.96 47.09 46.93 46.7 46.55 46.47 46.19 46.08 46.07 45.96 46 45.9 45.61 45.11 44.66 44.03 43.67 43.08 42.69 42.36 42.17 41.97 41.84 41.81 41.87 41.98 42.27 42.44 42.59 42.7 42.87 42.88 42.85 42.51 42.5 42.49 42.48 42.48 42.5 42.56 42.65 42.78 42.96 43.18 43.44 43.73 44.04 44.37 44.69 44.99 45.27 45.5 45.68 45.82 45.91 45.98 46.02 46.07 46.12 46.2 46.29 46.41 46.54 46.66 46.77 46.83 46.85 46.8 46.69 46.52
52.31 52.27 52.13 51.88 53.8 53.16 52.46 51.83 51.07 50.43 49.79 49.21 48.58 48.03 47.48 47.04 46.76 46.66 46.72 46.83 46.91 46.93 46.96 47.07 47.17 47.09 46.99 46.97 47.15 47.11 47.06 47.11 47.31 47.4 47.14 46.97 46.88 46.83 46.78 46.72 46.65 47 46.78 46.39 46.35 45.86 45.27 44.68 44.12 43.76 43.47 43.08 42.68 42.44 42.34 42.35 42.44 42.56 42.56 42.54 42.59 42.65 42.67 42.7 42.63 42.6 42.55 42.49 42.45 42.43 42.45 42.52 42.65 42.84 43.09 43.37 43.68 43.99 44.29 44.56 44.8 45 45.17 45.31 45.43 45.55 45.66 45.79 45.94 46.1 46.27 46.44 46.62 46.78 46.92 47.03 47.1 47.13 47.11 47.03 46.89
51.74 51.56 51.27 50.91 50.5 50.06 49.61 49.18 48.77 48.38 48.02 47.68 47.36 47.08 46.83 46.64 46.51 46.46 46.48 46.58 46.73 46.92 47.12 47.32 47.49 47.62 47.72 47.77 47.61 47.6 47.55 47.52 47.63 47.69 47.62 47.64 47.56 47.48 47.52 47.56 47.36 47.27 47.41 47.14 47.05 46.48 46.17 45.76 45.25 44.86 44.48 44.11 43.59 43.22 43.03 42.9 42.94 42.95 42.83 42.72 42.67 42.65 42.63 42.64 42.81 42.76 42.69 42.59 42.5 42.44 42.42 42.47 42.59 42.78 43.03 43.33 43.63 43.92 44.18 44.4 44.57 44.69 44.8 44.89 45 45.14 45.32 45.53 45.77 46.02 46.27 46.51 46.72 46.89 47.02 47.11 47.17 47.18 47.16 47.1 47
51.11 50.81 50.42 49.99 49.54 49.11 48.7 48.34 48.01 47.72 47.45 47.2 46.95 46.73 46.54 46.41 46.34 46.35 46.44 46.6 46.83 47.08 47.33 47.57 47.76 47.91 48 48.06 47.98 47.99 47.94 47.98 48.07 48.22 48.12 48.06 48.25 48.05 48.05 48.17 48.09 47.9 47.74 47.51 47.58 47.22 46.84 46.54 46.24 45.91 45.69 45.12 44.72 44.24 43.87 43.6 43.37 43.26 43.13 43.02 42.93 42.89 42.82 42.76 43 42.96 42.88 42.77 42.65 42.55 42.49 42.5 42.59 42.77 43 43.28 43.56 43.82 44.04 44.2 44.3 44.37 44.42 44.49 44.59 44.75 44.98 45.25 45.56 45.87 46.17 46.43 46.64 46.78 46.88 46.92 46.94 46.94 46.91 46.88 46.82
50.37 50 49.57 49.12 48.7 48.32 48 47.74 47.53 47.34 47.15 46.97 46.77 46.58 46.42 46.3 46.25 46.29 46.42 46.63 46.89 47.19 47.48 47.75 47.97 48.14 48.26 48.33 48.16 48.17 48.22 48.27 48.29 48.41 48.46 48.43 48.57 48.59 48.63 48.48 48.37 48.33 48.21 47.93 47.95 47.87 47.51 47.21 47.02 46.66 46.39 46.05 45.61 45.41 44.88 44.32 43.9 43.63 43.43 43.28 43.12 43.07 43.04 43 43.19 43.16 43.09 42.98 42.86 42.74 42.65 42.62 42.67 42.79 42.99 43.23 43.47 43.7 43.88 43.99 44.06 44.09 44.11 44.16 44.26 44.43 44.68 44.98 45.31 45.63 45.92 46.16 46.32 46.41 46.43 46.43 46.4 46.38 46.36 46.36 46.35
49.53 49.13 48.71 48.3 47.95 47.67 47.47 47.33 47.23 47.14 47.04 46.9 46.73 46.55 46.39 46.26 46.21 46.25 46.39 46.61 46.89 47.21 47.53 47.83 48.08 48.27 48.42 48.52 48.14 48.22 48.39 48.43 48.47 48.61 48.81 48.88 49.03 48.99 48.95 48.86 48.71 48.7 48.68 48.39 48.29 48.24 48.18 48.02 47.66 47.44 47.22 47.16 46.75 46.19 45.67 45.04 44.49 44.01 43.73 43.5 43.31 43.21 43.19 43.16 43.32 43.32 43.29 43.21 43.1 42.98 42.87 42.8 42.8 42.87 43.01 43.2 43.4 43.59 43.74 43.84 43.89 43.9 43.92 43.96 44.05 44.21 44.43 44.71 45 45.27 45.5 45.65 45.73 45.73 45.69 45.63 45.57 45.55 45.56 45.61 45.68
48.63 48.25 47.88 47.55 47.3 47.14 47.06 47.04 47.04 47.03 46.98 46.88 46.72 46.54 46.36 46.22 46.16 46.19 46.32 46.54 46.82 47.14 47.47 47.77 48.03 48.25 48.43 48.57 48.16 48.24 48.43 48.5 48.58 48.78 48.9 49.08 49.29 49.31 49.25 49.16 49.16 49.12 49.08 48.87 48.63 48.55 48.5 48.4 48.16 48.04 48.08 47.99 47.83 47.23 46.84 45.97 45.21 44.54 44.09 43.75 43.46 43.31 43.24 43.26 43.39 43.43 43.44 43.42 43.35 43.24 43.13 43.03 42.99 43 43.08 43.22 43.38 43.54 43.68 43.78 43.83 43.85 43.87 43.9 43.97 44.08 44.24 44.43 44.62 44.78 44.88 44.92 44.89 44.81 44.7 44.6 44.54 44.55 44.62 44.75 44.91
47.76 47.43 47.14 46.91 46.77 46.72 46.75 46.82 46.9 46.94 46.91 46.82 46.66 46.47 46.28 46.13 46.06 46.08 46.21 46.42 46.69 47 47.31 47.6 47.86 48.08 48.28 48.45 48.11 48.21 48.33 48.46 48.65 48.8 48.96 49.11 49.24 49.29 49.36 49.33 49.42 49.55 49.38 49.28 48.98 48.96 48.96 48.76 48.73 48.56 48.5 48.76 48.73 48.42 48.19 47.15 46.25 45.39 44.63 44.11 43.67 43.49 43.34 43.36 43.42 43.49 43.57 43.6 43.59 43.52 43.41 43.31 43.22 43.19 43.22 43.31 43.43 43.58 43.71 43.82 43.89 43.93 43.95 43.96 43.98 44.02 44.07 44.12 44.16 44.16 44.11 44.01 43.87 43.71 43.56 43.46 43.43 43.5 43.65 43.87 44.13
47.04 46.78 46.57 46.44 46.39 46.44 46.54 46.66 46.76 46.81 46.79 46.68 46.51 46.31 46.12 45.98 45.92 45.96 46.09 46.29 46.54 46.82 47.1 47.36 47.59 47.8 48 48.2 47.96 48.2 48.41 48.57 48.71 48.83 48.99 49.23 49.3 49.35 49.46 49.52 49.81 49.94 49.72 49.49 49.41 49.28 49.43 49.27 49.12 49.19 49.03 49.33 49.25 49.18 49.11 48.29 47.23 46.35 45.27 44.53 44.01 43.79 43.62 43.54 43.48 43.58 43.7 43.79 43.82 43.79 43.72 43.61 43.51 43.45 43.44 43.49 43.59 43.72 43.86 43.97 44.06 44.1 44.11 44.08 44.03 43.96 43.87 43.76 43.62 43.45 43.24 43.01 42.77 42.56 42.4 42.33 42.37 42.51 42.76 43.07 43.42
46.54 46.35 46.23 46.18 46.2 46.3 46.43 46.56 46.65 46.67 46.62 46.49 46.3 46.1 45.93 45.81 45.78 45.84 45.99 46.19 46.42 46.67 46.9 47.11 47.3 47.48 47.67 47.87 47.7 48.12 48.39 48.5 48.66 48.8 48.97 49.17 49.25 49.37 49.57 49.78 49.83 49.91 49.87 49.7 49.6 49.46 49.46 49.6 49.43 49.58 49.66 49.79 49.93 49.79 49.68 49.29 48.44 47.48 46.18 45.22 44.54 44.21 44.01 43.85 43.67 43.76 43.89 44.01 44.09 44.1 44.05 43.96 43.87 43.79 43.76 43.79 43.87 43.98 44.11 44.22 44.3 44.33 44.3 44.21 44.06 43.87 43.63 43.35 43.03 42.7 42.35 42.02 41.72 41.49 41.36 41.34 41.45 41.67 42 42.38 42.79
46.29 46.17 46.11 46.12 46.19 46.3 46.42 46.52 46.57 46.54 46.44 46.28 46.08 45.89 45.74 45.66 45.67 45.77 45.93 46.14 46.36 46.56 46.74 46.9 47.04 47.18 47.35 47.55 47.77 48.03 48.28 48.53 48.75 48.94 49.09 49.21 49.24 49.35 49.46 49.58 49.7 49.82 49.81 49.77 49.63 49.68 49.53 49.65 49.59 49.59 49.82 50.24 50.45 50.41 50.08 49.91 49.36 48.22 47.1 46.22 45.4 44.92 44.62 44.41 44.06 43.56 43.56 43.61 43.63 43.62 43.56 43.5 43.42 43.38 43.38 43.42 43.51 43.61 43.73 43.83 43.92 43.92 43.83 43.66 43.42 43.07 42.62 42.14 41.67 41.19 40.76 40.35 40.83 40.61 40.51 40.55 40.72 41 41.37 41.79 42.22
46.25 46.18 46.17 46.21 46.29 46.39 46.49 46.54 46.53 46.45 46.3 46.1 45.89 45.71 45.6 45.56 45.62 45.76 45.94 46.15 46.35 46.52 46.65 46.75 46.85 46.95 47.09 47.28 47.51 47.78 48.06 48.34 48.58 48.78 48.94 49.07 49 49.1 49.17 49.34 49.48 49.57 49.63 49.61 49.6 49.63 49.59 49.49 49.43 49.72 50.09 50.13 50.63 50.53 50.32 50.15 50.07 49.6 48.58 47.31 46.18 45.28 44.86 44.53 44.33 44.3 44.22 44.16 44.1 44.05 43.99 43.94 43.91 43.91 43.96 44.01 44.07 44.13 44.2 44.25 44.24 44.16 43.99 43.71 43.33 42.85 42.26 41.64 41.05 40.51 40.02 39.55 40.18 39.98 39.91 39.98 40.18 40.47 40.83 41.23 41.63
46.32 46.29 46.31 46.36 46.44 46.52 46.57 46.58 46.52 46.39 46.2 45.99 45.79 45.62 45.54 45.54 45.64 45.81 46.01 46.22 46.4 46.54 46.63 46.68 46.73 46.8 46.92 47.1 47.34 47.61 47.91 48.19 48.44 48.65 48.81 48.94 48.7 48.78 48.82 48.96 49.12 49.24 49.32 49.35 49.41 49.58 49.66 49.5 49.43 49.55 50.07 50.28 50.36 50.73 50.63 50.33 50.11 49.92 49.38 48.57 47.44 46.56 46.16 45.82 45.47 45.33 45.16 45.04 44.88 44.76 44.68 44.66 44.7 44.78 44.87 44.92 44.94 44.85 44.85 44.82 44.71 44.49 44.17 43.75 43.23 42.6 41.91 41.21 40.55 39.93 39.41 38.93 39.8 39.61 39.55 39.6 39.77 40.02 40.32 40.64 40.96
46.4 46.39 46.42 46.47 46.54 46.6 46.62 46.6 46.51 46.36 46.16 45.95 45.76 45.62 45.57 45.6 45.72 45.9 46.11 46.31 46.48 46.59 46.65 46.67 46.69 46.74 46.84 47.01 47.24 47.52 47.81 48.1 48.35 48.55 48.7 48.81 47.91 48.12 48.24 48.37 48.66 48.86 49.06 49.17 49.3 49.49 49.52 49.44 49.46 49.51 49.7 50.11 50.41 50.56 50.7 51.13 51.08 50.43 49.78 49.04 48.61 48.34 47.64 47 46.55 46.24 45.95 45.77 45.52 45.39 45.33 45.38 45.51 45.6 45.68 45.71 45.75 45.72 45.68 45.54 45.3 44.95 44.47 43.91 43.28 42.55 41.79 41.03 40.3 39.63 39.08 38.62 39.66 39.45 39.35 39.35 39.43 39.58 39.76 39.97 40.19
46.41 46.41 46.43 46.48 46.53 46.58 46.59 46.56 46.47 46.33 46.16 45.97 45.8 45.69 45.66 45.71 45.84 46.02 46.23 46.42 46.57 46.66 46.7 46.71 46.71 46.75 46.83 46.99 47.2 47.47 47.75 48.02 48.26 48.44 48.58 48.68 47.61 47.75 47.83 47.89 48.31 48.57 48.87 49.12 49.3 49.4 49.4 49.4 49.46 49.51 49.7 50.22 50.43 50.62 50.94 50.93 50.96 50.74 50.41 49.8 49.88 50.04 49.16 48.17 47.63 47.19 46.78 46.49 46.22 46.12 46.11 46.23 46.42 46.53 46.6 46.64 46.71 46.69 46.6 46.34 45.93 45.42 44.82 44.16 43.45 42.67 41.88 41.1 40.35 39.68 39.09 38.59 39.69 39.43 39.25 39.14 39.1 39.1 39.14 39.22 39.33
46.33 46.32 46.33 46.37 46.41 46.45 46.47 46.46 46.4 46.29 46.16 46.01 45.89 45.81 45.8 45.86 45.99 46.16 46.35 46.53 46.67 46.76 46.79 46.8 46.8 46.82 46.89 47.02 47.21 47.44 47.69 47.94 48.15 48.32 48.44 48.53 47.14 47.26 47.41 47.51 47.99 48.25 48.54 48.77 48.99 49.17 49.27 49.3 49.37 49.47 49.65 49.93 50.25 50.65 51.19 51.22 50.92 50.78 50.95 50.96 50.84 50.64 49.99 49.15 48.62 48.17 47.65 47.3 46.95 46.87 46.91 47.05 47.27 47.54 47.71 47.79 47.87 47.77 47.46 47.01 46.46 45.87 45.19 44.47 43.68 42.89 42.11 41.33 40.59 39.91 39.31 38.75 39.8 39.46 39.17 38.94 38.75 38.6 38.5 38.45 38.46
46.19 46.17 46.17 46.19 46.23 46.27 46.3 46.31 46.29 46.23 46.15 46.06 45.98 45.94 45.95 46.02 46.14 46.31 46.49 46.66 46.8 46.89 46.94 46.95 46.96 46.97 47.02 47.11 47.25 47.44 47.64 47.84 48.02 48.16 48.27 48.36 46.83 46.95 47.04 47.19 47.89 47.97 48.14 48.45 48.75 48.99 49.15 49.27 49.39 49.49 49.69 49.89 50.08 50.3 50.76 51.12 51.11 51.2 51.56 51.67 51.61 50.97 50.31 49.79 49.19 48.68 48.41 47.91 47.61 47.56 47.66 47.84 48.15 48.58 48.87 48.86 49.08 48.79 48.09 47.44 46.8 46.19 45.52 44.8 44.01 43.23 42.45 41.69 40.95 40.26 39.62 39.01 39.89 39.46 39.06 38.71 38.38 38.11 37.89 37.74 37.68
46.07 46.04 46.02 46.02 46.04 46.07 46.11 46.14 46.16 46.16 46.14 46.11 46.08 46.07 46.1 46.18 46.3 46.46 46.64 46.82 46.97 47.08 47.15 47.18 47.19 47.2 47.21 47.26 47.34 47.45 47.59 47.73 47.87 47.99 48.09 48.18 46.75 46.87 46.95 47.08 47.88 47.98 47.95 48.18 48.47 48.81 49.04 49.17 49.31 49.45 49.68 49.78 50 50.06 50.17 50.26 50.4 50.46 50.73 51.15 51.4 50.67 50.3 49.96 49.4 49.03 48.6 48.32 48.13 47.97 48 48.19 48.46 49 49.35 49.32 49.15 48.6 48.06 47.52 46.96 46.4 45.78 45.11 44.4 43.64 42.86 42.07 41.33 40.61 39.92 39.23 39.92 39.41 38.92 38.47 38.06 37.69 37.4 37.19 37.09
46.02 45.98 45.95 45.93 45.92 45.94 45.97 46.01 43.49 43.36 43.21 43.04 42.9 42.83 42.94 43.23 43.61 44.05 44.54 45.07 45.82 45.98 45.79 45.72 45.71 45.5 45.3 45.12 45.06 45.03 45.08 45.21 47.74 47.83 47.92 48.01 46.84 46.94 47.02 47.07 47.85 47.87 47.85 48.02 48.2 48.53 48.85 49.04 49.19 49.32 49.44 49.59 49.91 50.34 50.27 49.86 49.76 49.92 50.33 50.3 50.61 50.26 50.14 50.17 49.86 49.22 48.81 48.41 48.15 48.2 48.16 48.29 48.47 48.66 48.77 48.73 48.49 48.14 47.81 47.45 47.04 46.56 46.01 45.44 44.82 44.09 43.27 42.44 41.63 40.88 40.12 39.36 39.9 39.32 38.78 38.28 37.82 37.41 37.08 36.85 36.75
46.07 46.03 45.99 45.94 45.91 45.89 45.9 45.93 43.32 43.24 43.16 43.06 42.99 43 43.12 43.37 43.76 44.25 44.81 45.36 45.79 46.06 46.14 46.22 46.28 46.1 45.77 45.42 45.2 45.12 45.11 45.13 47.64 47.71 47.79 47.88 46.85 46.97 47.04 47.08 47.82 47.78 47.83 47.94 48.1 48.35 48.63 48.86 49.07 49.22 49.31 49.44 49.57 49.72 49.87 49.85 49.85 49.62 49.51 49.49 49.82 49.82 50.22 50.54 50.21 49.57 49.16 48.78 48.5 48.45 48.37 48.37 48.42 48.51 48.56 48.49 48.36 48.13 47.86 47.53 47.15 46.72 46.24 45.71 45.15 44.47 43.62 42.73 41.86 41.06 40.26 39.46 39.85 39.25 38.68 38.17 37.7 37.3 36.97 36.74 36.63
46.2 46.17 46.11 46.04 45.97 45.92 45.89 45.91 43.22 43.2 43.21 43.21 43.24 43.36 43.55 43.83 44.22 44.72 45.2 45.68 46.05 46.33 46.56 46.75 46.83 46.69 46.29 45.81 45.5 45.26 45.19 45.11 47.59 47.62 47.69 47.77 46.9 47.02 47.04 47.05 47.69 47.68 47.68 47.73 47.91 48.11 48.27 48.59 48.92 49.08 49.17 49.25 49.32 49.42 49.61 49.55 49.46 49.72 49.5 49.28 49.29 49.28 49.47 49.62 49.9 49.74 49.24 49.01 48.9 48.79 48.77 48.65 48.57 48.54 48.52 48.49 48.41 48.28 48.09 47.81 47.43 47 46.55 46.07 45.51 44.83 44.04 43.16 42.26 41.42 40.59 39.76 38.98 38.48 37.83 37.2 37.73 37.34 37.02 36.79 36.67
46.35 46.32 46.26 46.17 46.06 45.97 45.92 45.9 43.16 43.21 43.31 43.43 43.67 44.13 44.69 45.09 45.36 45.5 45.78 46.25 46.66 47.01 47.3 47.36 47.3 47.06 46.72 46.28 45.79 45.43 45.26 45.14 47.58 47.57 47.61 47.69 46.98 47.02 46.96 46.88 47.42 47.42 47.45 47.48 47.55 47.69 47.84 48.14 48.61 48.89 49.01 49.07 49.09 49.11 49 48.92 49.03 49.06 48.87 48.78 49.02 49.06 49.45 49.52 49.41 49.48 49.23 49.08 48.99 48.83 48.89 48.98 48.82 48.77 48.72 48.66 48.58 48.53 48.38 48.13 47.77 47.37 46.95 46.48 45.92 45.27 44.53 43.7 42.74 41.82 40.94 40.1 39.29 38.77 38.13 37.51 37.86 37.48 37.15 36.91 36.75
46.45 46.43 46.36 46.26 46.13 46.01 45.92 45.89 43.13 43.23 43.41 43.68 44.2 45.09 45.97 46.41 46.46 46.38 46.54 46.9 47.34 47.79 47.94 47.86 47.67 47.38 47.03 46.61 46.06 45.59 45.3 45.12 47.58 47.53 47.54 47.59 46.91 46.88 46.79 46.66 47.08 47.07 47.09 47.1 47.14 47.24 47.39 47.66 48.04 48.52 48.74 48.81 48.83 48.69 48.5 48.4 48.38 48.4 48.42 48.55 48.67 48.74 49.01 49.21 49.4 49.62 49.4 49.23 49.14 49.13 49.16 49.11 49.04 48.88 48.79 48.7 48.65 48.7 48.64 48.38 48.07 47.7 47.3 46.88 46.38 45.8 45.07 44.21 43.28 42.36 41.51 40.69 39.83 39.18 38.49 37.82 38.07 37.65 37.28 36.98 36.77
46.45 46.44 46.38 46.26 46.12 45.99 45.89 45.85 43.04 43.2 43.5 43.98 44.8 45.9 46.73 47.03 47.16 47.22 47.38 47.66 48.14 48.46 48.46 48.33 48 47.71 47.36 46.92 46.3 45.7 45.35 45.14 47.55 47.47 47.45 47.46 46.58 46.53 46.45 46.36 46.72 46.72 46.7 46.71 46.74 46.82 46.95 47.14 47.45 47.81 48.29 48.51 48.49 48.36 48.08 47.93 47.86 47.84 47.98 48.19 48.48 48.62 48.79 48.87 49.1 49.45 49.85 49.55 49.61 49.6 49.68 49.53 49.34 49.23 49.17 49 48.8 48.68 48.58 48.45 48.19 47.87 47.49 47.11 46.73 46.29 45.67 44.84 43.92 43.06 42.28 41.49 40.65 39.81 38.91 38.15 38.28 37.79 37.34 36.95 36.65
46.38 46.37 46.31 46.19 46.05 45.9 45.8 45.77 42.89 43.1 43.54 44.28 45.35 46.47 47.15 47.51 47.72 47.91 48.26 48.38 48.46 48.79 48.88 48.59 48.29 48.03 47.62 47.11 46.43 45.7 45.35 45.09 47.46 47.36 47.31 47.29 46.28 46.2 46.09 46.04 46.34 46.37 46.35 46.33 46.34 46.37 46.44 46.51 46.59 46.78 47.18 47.52 47.72 47.81 47.67 47.7 47.76 47.58 47.59 47.81 48.29 48.47 48.66 48.81 49.18 49.34 49.73 49.81 50.16 50.11 49.96 49.76 49.72 49.51 49.38 49.22 48.8 48.44 48.2 48.04 47.88 47.67 47.43 47.09 46.74 46.39 45.95 45.32 44.5 43.69 42.86 41.99 41.08 40.14 39.17 38.26 38.47 37.86 37.29 36.8 36.4
46.28 46.26 46.19 46.07 45.92 45.78 45.69 45.67 42.74 43.02 43.66 44.71 45.91 46.82 47.48 47.9 48.22 48.55 48.86 48.85 48.77 48.81 48.95 48.98 48.7 48.42 47.81 47.16 46.44 45.67 45.47 45.08 47.32 47.2 47.12 47.08 45.96 45.82 45.71 45.7 45.78 45.81 45.71 45.53 45.38 45.25 45.22 45.19 45.1 45.13 45.26 45.52 45.94 46.3 46.7 47.09 47.33 47.23 47.27 47.61 48.31 48.36 48.52 48.78 49.06 49.37 49.4 49.43 49.56 49.95 49.78 49.91 49.75 49.48 49.49 49.22 48.72 48.12 47.71 47.39 47.21 47.03 46.83 46.57 46.25 46.01 45.71 45.24 44.62 43.95 43.2 42.4 41.52 40.6 39.7 38.8 38.61 37.87 37.17 36.55 36.04
46.2 46.18 46.1 45.97 45.81 45.67 45.58 45.58 42.61 42.98 43.85 45.05 46.14 46.92 47.56 48.05 48.57 48.97 49.08 49.07 49.13 49.4 49.46 49.35 49.01 48.58 47.97 47.27 46.51 45.56 45.17 44.86 47.13 47 46.92 46.86 46.83 46.8 46.78 46.77 46.75 46.73 46.7 46.67 46.64 46.6 46.57 46.56 46.58 46.63 46.73 46.87 47.04 47.24 47.44 47.64 47.81 47.96 48.09 48.19 48.14 48.4 48.74 48.97 48.82 48.67 48.59 48.62 48.78 48.99 49.26 49.41 49.38 49.34 49.2 48.87 48.33 47.7 47.22 46.75 46.41 46.1 45.85 45.5 45.08 44.8 44.6 44.35 44.03 43.55 43.03 42.46 41.78 40.98 40.1 39.18 38.23 36.8 35.62 34.66 35.67
46.2 46.15 46.05 45.91 45.74 45.59 45.5 45.52 42.5 42.9 43.82 44.96 46.03 46.79 47.4 48 48.78 49.09 49.36 49.41 49.65 49.61 49.56 49.42 48.96 48.51 47.91 47.14 46.29 45.23 44.83 44.59 46.91 46.79 46.71 46.65 46.62 46.59 46.57 46.56 46.56 46.56 46.56 46.54 46.52 46.47 46.42 46.37 46.33 46.33 46.37 46.47 46.62 46.81 47.03 47.26 47.47 47.65 47.8 47.92 48.31 48.51 48.75 48.84 48.29 48.15 48.09 48.17 48.35 48.68 48.92 49.25 49.33 48.98 48.86 48.46 47.96 47.35 46.65 45.9 45.42 44.97 44.51 44.03 43.61 43.35 43.21 43.12 43.01 42.79 42.49 42.13 41.64 41.03 40.27 39.33 38.33 36.93 35.6 34.52 35.33
46.27 46.2 46.08 45.92 45.73 45.57 45.48 45.49 42.42 42.83 43.63 44.66 45.74 46.56 47.15 47.77 48.51 48.98 49.37 49.63 49.6 49.5 49.54 49.25 48.73 48.22 47.5 46.71 45.75 44.84 44.44 44.22 46.69 46.58 46.52 46.47 46.45 46.43 46.42 46.42 46.43 46.44 46.46 46.47 46.46 46.42 46.36 46.28 46.21 46.16 46.15 46.2 46.32 46.49 46.7 46.93 47.16 47.36 47.53 47.66 47.75 47.83 47.91 48.01 47.84 47.9 47.92 47.94 48.04 48.34 48.6 48.9 49.16 48.67 48.51 47.97 47.54 46.57 45.6 44.86 44.29 43.62 43.03 42.47 41.77 41.44 41.46 41.57 41.66 41.69 41.62 41.48 41.21 40.76 40.17 39.36 38.36 37.05 35.65 34.46 35.08
46.37 46.28 46.14 45.96 45.77 45.59 45.49 45.49 42.34 42.7 43.39 44.37 45.53 46.4 47.03 47.61 48.18 48.82 49.18 49.17 49.21 49.48 49.78 49.59 49.2 48.44 47.28 46.3 45.34 44.54 43.97 43.65 46.49 46.4 46.35 46.33 46.32 46.31 46.3 46.31 46.32 46.35 46.39 46.42 46.42 46.4 46.34 46.26 46.16 46.08 46.03 46.04 46.12 46.26 46.45 46.67 46.89 47.09 47.26 47.38 47.47 47.53 47.59 47.66 46.64 46.86 47.17 47.35 47.55 47.84 47.99 48.56 48.53 48.36 48.2 47.98 47.38 46.29 45.09 44.16 43.46 42.54 41.69 40.92 40.09 39.58 39.51 39.67 39.91 40.26 40.51 40.62 40.6 40.33 39.91 39.26 38.33 37.08 35.7 34.39 34.88
46.44 46.34 46.2 46.01 45.81 45.63 45.52 45.51 42.38 42.74 43.34 44.22 45.25 46.17 46.94 47.49 47.92 48.41 48.64 48.86 49.28 49.72 49.99 50.03 49.55 48.64 47.57 46.29 45.15 44.38 43.84 43.42 46.31 46.24 46.21 46.21 46.21 46.21 46.2 46.2 46.21 46.24 46.28 46.32 46.34 46.34 46.29 46.22 46.12 46.03 45.97 45.95 45.99 46.09 46.25 46.43 46.63 46.81 46.96 47.07 47.15 47.2 47.25 47.3 46.29 46.4 46.57 46.72 46.83 47 47.28 47.63 47.71 47.56 47.84 47.68 47.21 46.28 45.05 43.99 43.07 41.9 40.61 39.56 38.69 38.07 37.8 37.81 38.07 38.59 39.16 39.56 39.74 39.67 39.37 38.84 38.03 36.83 35.58 34.27 34.7
46.43 46.34 46.19 46.01 45.82 45.65 45.55 45.55 42.44 42.76 43.33 44.08 44.95 45.93 46.84 47.37 47.67 47.88 48.21 48.66 49.08 49.51 49.86 49.91 49.39 48.35 47.36 46.2 45.01 44.21 43.68 43.24 46.16 46.1 46.09 46.1 46.11 46.1 46.08 46.06 46.06 46.07 46.1 46.14 46.17 46.19 46.17 46.11 46.04 45.95 45.88 45.85 45.86 45.93 46.04 46.18 46.33 46.48 46.6 46.7 46.77 46.83 46.87 46.92 45.82 45.88 45.91 46.08 46.14 46.27 46.48 46.77 46.84 46.74 46.97 47.25 46.88 46.34 45.7 44.42 42.94 41.29 39.77 38.55 37.6 36.96 36.49 36.31 36.49 36.94 37.67 38.17 38.48 38.58 38.49 38.1 37.33 36.27 35.21 33.99 34.46
46.34 46.25 46.12 45.96 45.79 45.65 45.57 45.58 42.5 42.82 43.38 44.14 45.05 46.08 46.82 47.23 47.43 47.59 47.97 48.46 48.8 49.22 49.38 49.41 49.12 48.24 47.21 46.07 44.84 44.03 43.47 43.1 46.03 45.97 45.97 45.98 45.98 45.96 45.93 45.88 45.84 45.83 45.84 45.87 45.9 45.93 45.94 45.91 45.86 45.8 45.74 45.69 45.69 45.72 45.79 45.88 45.99 46.1 46.2 46.28 46.35 46.41 46.47 46.53 45.29 45.29 45.29 45.31 45.23 45.36 45.64 45.91 46.21 46.28 46.48 47 47.15 46.64 45.3 44.02 42.31 40.65 39.27 38.18 37.17 36.43 35.86 35.45 35.38 35.53 36.19 36.79 37.16 37.38 37.38 37.15 36.46 35.55 34.6 33.48 34.12
46.18 46.11 46.01 45.87 45.74 45.63 45.58 45.62 42.62 42.94 43.53 44.28 45.09 45.88 46.66 47.12 47.39 47.48 47.68 48.04 48.36 48.72 48.86 48.86 48.65 47.97 46.96 45.75 44.66 43.88 43.38 43.04 45.9 45.84 45.83 45.83 45.83 45.79 45.73 45.65 45.59 45.54 45.52 45.54 45.57 45.6 45.62 45.62 45.6 45.56 45.51 45.47 45.45 45.46 45.49 45.54 45.61 45.68 45.76 45.84 45.91 45.99 46.06 46.14 44.66 44.68 44.66 44.64 44.59 44.71 45.04 45.27 45.74 45.95 46.14 46.68 47.16 46.24 44.76 43.48 42.08 40.62 39.25 37.98 36.95 36.05 35.28 34.75 34.42 34.03 34.39 34.99 35.55 35.91 36 35.78 35.25 34.52 33.72 32.87 33.66
46.01 45.96 45.88 45.78 45.68 45.6 45.58 45.64 42.75 43.13 43.8 44.64 45.42 46.05 46.66 47.15 47.53 47.76 47.65 47.79 48.04 48.35 48.52 48.42 48.27 47.61 46.7 45.52 44.52 43.87 43.35 42.92 45.77 45.7 45.68 45.67 45.64 45.59 45.51 45.41 45.32 45.25 45.21 45.21 45.23 45.26 45.29 45.31 45.3 45.28 45.24 45.21 45.18 45.17 45.18 45.2 45.24 45.29 45.36 45.43 45.52 45.61 45.7 45.79 43.88 44.04 44.21 44.28 44.23 44.2 44.38 44.63 45.28 45.51 45.71 46.16 46.71 46.08 44.96 44.22 43.3 42.03 40.6 39.05 37.57 36.45 35.49 34.65 34.02 33.19 33.14 33.39 33.77 34.14 34.32 34.22 33.89 33.37 32.83 32.26 33.09
45.9 45.86 45.8 45.72 45.63 45.57 45.56 45.65 42.91 43.35 44.04 44.89 45.68 46.25 46.76 47.21 47.7 48.02 47.94 47.65 47.76 47.99 48.3 48.38 48.01 47.4 46.54 45.42 44.49 43.86 43.3 42.79 45.63 45.54 45.51 45.49 45.45 45.39 45.3 45.2 45.1 45.01 44.96 44.95 44.96 44.99 45.01 45.03 45.03 45.01 44.98 44.95 44.92 44.91 44.9 44.92 44.94 44.99 45.05 45.12 45.22 45.32 45.42 45.52 43.39 43.41 43.55 43.7 43.58 43.44 43.56 43.9 44.72 44.99 45.14 45.45 45.98 46.35 45.44 45.13 44.6 43.63 42.11 40.49 38.78 37.3 35.89 34.66 33.71 32.61 32.22 32.1 32.18 32.44 32.63 32.63 32.52 32.23 31.88 31.52 32.42
45.85 45.83 45.77 45.7 45.61 45.55 45.54 45.62 43.07 43.5 44.18 44.97 45.74 46.31 46.81 47.27 47.84 48.06 47.93 47.7 47.51 47.56 47.84 48.03 47.78 47.14 46.21 45.19 44.41 43.83 43.28 42.69 45.46 45.37 45.33 45.3 45.27 45.22 45.14 45.05 44.96 44.88 44.84 44.82 44.82 44.84 44.85 44.86 44.85 44.83 44.79 44.76 44.74 44.72 44.72 44.73 44.76 44.81 44.87 44.95 45.04 45.15 45.25 45.34 43.3 42.93 42.78 42.76 42.7 42.66 42.79 43.16 44.14 44.46 44.64 44.86 45.36 46.03 45.72 45.56 45.34 44.4 42.93 41.21 39.53 37.86 36.11 34.58 33.42 32.17 31.55 31.09 30.84 30.86 31 31.1 31.15 31.1 30.93 30.71 31.7
45.87 45.84 45.79 45.7 45.6 45.52 45.48 45.54 43.04 43.42 44.08 44.89 45.67 46.27 46.76 47.18 47.56 47.87 47.94 47.81 47.43 47.22 47.25 47.44 47.57 47 45.97 44.95 44.25 43.69 43.07 42.47 45.28 45.2 45.16 45.14 45.12 45.09 45.04 44.98 44.92 44.87 44.85 44.83 44.84 44.84 44.84 44.83 44.8 44.76 44.72 44.68 44.66 44.64 44.65 44.67 44.7 44.75 44.81 44.89 44.98 45.08 45.16 45.23 43.08 42.64 42.45 42.3 42.22 42.23 42.3 42.57 43.64 44.04 44.41 44.71 45.16 45.88 46.13 45.69 45.46 44.61 43.08 41.06 39.4 37.78 36.03 34.54 33.22 31.81 31.03 30.36 29.82 29.6 29.64 29.79 29.94 30.02 30.04 29.97 30.94
45.89 45.86 45.8 45.7 45.58 45.47 45.39 45.4 42.86 43.2 43.89 44.71 45.48 46.11 46.57 46.92 47.18 47.37 47.58 47.8 47.43 46.94 46.64 46.49 46.54 46.35 45.42 44.62 43.94 43.3 42.7 42.19 45.12 45.05 45.03 45.03 45.04 45.04 45.03 45.01 44.99 44.98 44.97 44.98 44.98 44.97 44.95 44.92 44.87 44.81 44.76 44.71 44.68 44.67 44.68 44.7 44.74 44.78 44.84 44.9 44.97 45.04 45.11 45.15 42.61 42.38 42.18 42.06 42.06 42.09 42.14 42.28 43.32 43.74 44.16 44.46 44.83 45.31 45.53 45.38 44.91 44.15 42.9 40.83 39.18 37.61 35.99 34.49 33.09 31.49 30.53 29.72 29.03 28.6 28.45 28.52 28.71 28.9 29.09 29.2 30.14
45.86 45.83 45.77 45.66 45.52 45.38 45.27 45.23 42.63 42.85 43.49 44.27 44.99 45.65 46.11 46.48 46.73 46.88 47.07 47.23 46.97 46.51 46.04 45.71 45.46 45.27 44.92 44.3 43.58 42.95 42.41 42.04 45 44.96 44.96 44.99 45.03 45.06 45.09 45.11 45.13 45.15 45.17 45.19 45.19 45.17 45.14 45.08 45.02 44.94 44.88 44.83 44.79 44.78 44.78 44.8 44.82 44.84 44.87 44.9 44.94 44.98 45.01 45.04 42.31 42.16 42 41.96 42.09 42.21 42.28 42.31 43.09 43.52 44 44.31 44.52 44.67 44.73 44.43 43.94 42.92 41.59 40.08 38.61 37.2 35.64 34 32.71 31.14 30.17 29.32 28.59 28.01 27.62 27.5 27.57 27.75 28.02 28.25 29.31
45.74 45.72 45.67 45.57 45.43 45.27 45.13 45.05 42.44 42.52 42.93 43.52 44.19 44.87 45.42 45.83 46.1 46.22 46.27 46.31 46.19 45.92 45.48 45.08 44.71 44.66 44.32 43.77 43.14 42.67 42.32 42.09 44.96 44.96 44.99 45.04 45.1 45.16 45.22 45.27 45.31 45.35 45.38 45.4 45.4 45.37 45.33 45.26 45.19 45.11 45.04 44.98 44.95 44.92 44.91 44.9 44.89 44.87 44.86 44.84 44.84 44.84 44.85 44.86 42.43 42.34 42.23 42.25 42.43 42.72 43.19 43.06 43.45 43.89 44.37 44.59 44.58 44.37 44.11 43.91 43.12 41.71 40.26 38.82 37.42 36.06 34.69 33.25 32.13 30.72 29.86 29.06 28.36 27.7 27.2 26.9 26.73 26.74 26.9 27.1 28.46
45.55 45.54 45.5 45.43 45.31 45.16 45.01 44.91 42.31 42.27 42.41 42.74 43.21 43.75 44.36 44.88 45.29 45.42 45.41 45.35 45.24 45.04 44.63 44.24 44 43.88 43.47 43.02 42.65 42.46 42.38 42.32 45.04 45.06 45.11 45.18 45.25 45.32 45.38 45.43 45.48 45.52 45.54 45.55 45.54 45.51 45.46 45.39 45.32 45.25 45.2 45.15 45.11 45.08 45.04 45 44.94 44.87 44.79 44.72 44.66 44.63 44.62 44.64 43.1 43.01 42.98 43.05 43.18 43.52 43.66 43.6 44.01 44.49 44.91 45.01 45 44.71 44.26 43.84 42.68 40.78 39.04 37.54 36.16 34.92 33.72 32.67 31.79 30.51 29.75 29.03 28.32 27.58 27 26.57 26.23 26.04 25.99 25.99 27.63
45.31 45.31 45.31 45.26 45.18 45.06 44.93 44.81 42.23 42.13 42.11 42.19 42.38 42.74 43.22 43.8 44.29 44.43 44.34 44.22 44.05 43.89 43.69 43.49 43.34 43.13 42.84 42.6 42.48 42.44 42.52 42.64 45.21 45.25 45.31 45.38 45.45 45.5 45.55 45.58 45.61 45.62 45.63 45.62 44.88 44.99 45.01 44.97 44.9 44.7 44.49 44.34 44.07 43.9 43.73 43.57 43.52 43.66 43.88 44.02 44.05 44.08 44.21 44.38 43.93 44.12 43.95 44.4 44.4 44.44 44.34 44.34 44.75 45.06 45.25 45.27 45.18 44.53 43.96 43.42 42.1 40 38.19 36.68 35.3 34.16 33.14 32.29 32.35 31.79 31.23 30.66 30.07 29.48 28.91 28.41 27.98 27.64 27.37 27.13 26.89
45.07 45.09 45.11 45.1 45.06 44.98 44.87 44.77 42.22 42.07 41.97 41.93 41.92 42.07 42.38 42.81 43.22 43.36 43.24 43.16 43.06 42.96 42.9 42.86 42.84 42.7 42.61 42.67 42.72 42.75 42.95 43.18 45.44 45.49 45.55 45.61 45.65 45.68 45.69 45.69 45.68 45.66 45.63 45.6 45.01 45.08 45.12 45.13 45.16 45.08 44.91 44.75 44.63 44.42 44.43 44.41 44.33 44.46 44.69 44.79 44.77 44.81 44.91 44.93 44.82 44.71 44.68 44.92 45.16 44.82 44.84 44.99 45.28 45.37 45.26 44.88 44.31 43.78 43.46 42.55 41.02 39.22 37.66 36.36 35.09 34.46 33.59 32.88 32.22 31.79 31.34 30.83 30.26 29.64 29.02 28.42 27.88 27.42 27.02 26.66 26.3
44.86 44.88 44.92 44.94 44.93 44.89 44.82 44.72 44.63 44.55 44.51 44.5 44.54 44.61 44.7 44.8 44.9 44.99 45.08 45.16 45.23 45.3 45.37 45.42 45.46 45.49 45.51 45.52 45.54 45.55 45.58 45.62 45.67 45.72 45.77 45.8 45.81 45.81 45.79 45.75 45.7 45.64 45.59 45.53 44.99 45.01 45.13 45.25 45.58 45.68 45.62 45.7 45.63 45.64 45.57 45.46 45.27 45.24 45.47 45.67 45.74 45.88 45.86 45.72 45.6 45.5 45.55 45.54 45.46 45.49 45.56 45.51 45.5 45.35 44.96 44.59 43.94 43.23 42.2 40.87 39.49 38.06 36.65 35.43 34.25 33.46 32.87 32.45 32.11 31.8 31.44 30.99 30.46 29.85 29.2 28.55 27.93 27.37 26.87 26.39 25.92
44.68 44.69 44.72 44.76 44.77 44.76 44.71 44.63 44.53 44.43 44.34 44.28 44.25 44.25 44.28 44.34 44.43 44.53 44.66 44.79 44.94 45.09 45.23 45.35 45.46 45.54 45.6 45.64 45.68 45.72 45.75 45.8 45.84 45.87 45.9 45.91 45.89 45.86 45.81 45.74 45.67 45.59 45.52 45.45 45.07 45.19 45.25 45.4 45.76 45.85 45.96 45.88 45.9 46.09 46.12 46 45.48 45.27 45.3 45.43 45.57 45.6 45.55 45.51 45.51 45.59 45.82 45.81 45.64 45.52 45.5 45.49 45.39 44.7 44.43 44.51 43.8 42.15 40.42 38.82 37.49 36.31 35.21 34.14 33.73 33.04 32.56 32.23 31.99 31.76 31.47 31.1 30.61 30.03 29.39 28.74 28.09 27.48 26.9 26.34 25.77
44.49 44.47 44.49 44.51 44.53 44.53 44.5 44.43 44.33 44.23 44.12 44.03 43.96 43.94 43.95 44.01 44.11 44.25 44.42 44.62 44.83 45.03 45.22 45.39 45.52 45.62 45.69 45.74 45.78 45.8 45.83 45.86 45.89 45.9 45.91 45.9 45.86 45.82 45.75 45.68 45.61 45.53 45.46 45.4 45.38 45.62 45.66 45.62 45.79 46 46.32 46.2 46.04 46.19 46.53 46.2 45.81 45.51 45.31 45.34 45.46 45.47 45.37 45.55 45.72 45.94 46.34 46.47 46.26 45.78 45.52 45.29 44.5 43.37 43.34 43.32 42.52 40.78 38.89 37.29 36.16 35.16 34.27 33.43 33.23 32.66 32.26 32 31.82 31.66 31.43 31.12 30.69 30.16 29.57 28.94 28.31 27.69 27.08 26.47 25.84
44.22 44.18 44.17 44.17 44.18 44.18 44.15 44.1 44.02 43.92 43.82 43.74 43.68 43.67 43.7 43.8 43.94 44.14 44.37 44.62 44.88 45.12 45.33 45.5 45.62 45.7 45.75 45.77 45.78 45.78 45.79 45.79 45.8 45.8 45.79 45.77 45.73 45.69 45.63 45.58 45.53 45.47 45.43 45.39 45.28 45.6 45.53 45.5 45.55 45.76 46.08 46.23 46.13 46.12 46.26 46.31 45.97 45.81 45.51 45.34 45.63 45.62 45.58 45.72 46.01 46.29 46.63 46.59 46.27 45.72 45.07 44.05 42.69 41.76 41.5 40.96 40.13 38.85 37.26 35.85 34.88 34.03 33.3 32.64 32.74 32.28 31.96 31.77 31.63 31.51 31.33 31.06 30.7 30.23 29.7 29.12 28.53 27.94 27.34 26.72 26.08
43.86 43.8 43.76 43.75 43.74 43.74 43.71 43.67 43.61 43.54 43.47 43.42 43.41 43.44 43.54 43.7 43.91 44.17 44.46 44.76 45.04 45.29 45.49 45.63 45.71 45.74 45.74 45.71 45.68 45.65 45.62 45.61 45.6 45.59 45.58 45.56 45.53 45.5 45.48 45.46 45.44 45.43 45.42 45.41 45.08 45.16 45.15 45.11 45.25 45.44 45.69 45.8 45.76 45.72 45.71 45.86 45.67 45.22 45.01 45 45.03 45.27 45.12 45.38 45.62 45.94 46.05 46.02 46.05 45.39 44.09 42.79 41.58 40.44 39.44 38.45 37.49 36.5 35.35 34.44 33.64 32.92 32.32 31.88 32.27 31.92 31.68 31.53 31.43 31.33 31.18 30.96 30.64 30.24 29.77 29.26 28.73 28.19 27.63 27.03 26.4
43.45 43.37 43.32 43.29 43.28 43.28 43.26 43.24 43.2 43.17 43.14 43.14 43.19 43.29 43.46 43.69 43.98 44.3 44.64 44.97 45.26 45.49 45.65 45.74 45.76 45.73 45.66 45.58 45.5 45.44 45.39 45.37 45.35 45.34 45.33 45.32 45.31 45.3 45.31 45.33 45.36 45.4 45.43 45.45 44.93 44.85 44.82 44.8 45.01 45.13 45.29 45.35 45.39 45.4 45.43 45.32 45 44.59 44.15 43.95 43.84 43.74 43.96 44.33 44.57 45.01 45.19 45.44 45.85 45 43.29 41.93 40.68 39.38 38.06 36.67 35.41 34.37 33.53 32.82 32.23 31.74 31.41 31.18 31.86 31.6 31.42 31.31 31.23 31.14 31.02 30.82 30.54 30.18 29.77 29.32 28.86 28.38 27.88 27.34 26.74
43.06 42.98 42.93 42.91 42.91 42.91 42.92 42.92 42.91 42.91 42.93 42.98 43.08 43.25 43.48 43.78 44.12 44.49 44.86 45.2 45.47 45.67 45.78 45.8 45.75 45.65 45.52 45.39 45.28 45.2 45.15 45.12 45.11 45.1 45.1 45.1 45.11 45.12 45.15 45.21 45.27 45.35 45.41 45.45 44.8 44.75 44.73 44.71 44.83 44.83 44.89 44.8 44.79 44.86 44.66 44.21 43.84 43.49 43.04 42.75 42.57 42.61 42.83 43.31 43.77 44.37 44.78 44.87 44.85 44.18 42.77 41.23 39.81 38.35 36.79 35.15 33.72 32.72 32.02 31.47 31.05 30.78 30.66 30.62 31.53 31.33 31.19 31.09 31.03 30.95 30.83 30.65 30.4 30.08 29.71 29.32 28.92 28.5 28.07 27.59 27.06
42.84 42.77 42.74 42.73 42.75 42.77 42.8 42.83 42.85 42.87 42.92 43 43.13 43.34 43.61 43.94 44.31 44.7 45.07 45.39 45.63 45.79 45.84 45.8 45.69 45.54 45.37 45.21 45.08 44.99 44.94 44.92 44.92 44.92 44.93 44.94 44.95 44.98 45.02 45.09 45.17 45.26 45.34 45.39 44.63 44.57 44.53 44.5 44.55 44.46 44.4 44.32 44.24 44.04 43.6 43.1 42.72 42.29 41.92 41.68 41.62 41.68 42.08 42.89 43.6 44.24 44.68 44.65 44.4 43.73 42.4 40.76 39.2 37.56 35.81 34.06 32.58 31.55 30.88 30.43 30.19 30.09 30.1 30.19 31.26 31.1 30.97 30.88 30.81 30.74 30.63 30.46 30.23 29.93 29.6 29.26 28.91 28.56 28.2 27.79 27.32
42.91 42.85 42.83 42.85 42.89 42.94 42.99 43.04 43.07 43.1 43.15 43.24 43.37 43.57 43.83 44.16 44.52 44.88 45.23 45.51 45.72 45.83 45.83 45.75 45.6 45.42 45.22 45.05 44.92 44.83 44.79 44.78 44.79 44.81 44.82 44.83 44.84 44.86 44.89 44.95 45.03 45.11 45.19 45.23 44.49 44.42 44.34 44.22 44.2 44.01 43.89 43.83 43.67 43.34 42.91 42.45 42.02 41.55 41.26 41.07 40.93 41.1 41.62 42.48 43.4 44.14 44.53 44.59 44.23 43.48 42.27 40.52 38.7 36.92 35.05 33.28 31.78 30.71 30.11 29.8 29.68 29.68 29.78 29.88 31.04 30.87 30.73 30.63 30.56 30.49 30.39 30.23 30.02 29.76 29.47 29.17 28.87 28.58 28.28 27.95 27.55
43.32 43.27 43.26 43.29 43.35 43.43 43.49 43.54 43.58 43.6 43.63 43.68 43.78 43.93 44.15 44.43 44.73 45.05 45.34 45.57 45.73 45.8 45.77 45.67 45.5 45.31 45.12 44.95 44.82 44.74 44.7 44.69 44.71 44.72 44.73 44.74 44.73 44.74 44.75 44.79 44.84 44.9 44.95 44.98 44.28 44.25 44.16 44.03 43.87 43.66 43.46 43.33 43.12 42.71 42.26 41.88 41.49 41.14 40.97 40.86 40.86 41.15 41.68 42.41 43.36 44.27 44.88 44.92 44.47 43.67 42.38 40.48 38.27 36.37 34.57 32.85 31.39 30.38 29.83 29.58 29.45 29.45 29.52 29.61 30.85 30.65 30.48 30.36 30.27 30.2 30.11 29.99 29.81 29.59 29.34 29.08 28.84 28.61 28.37 28.09 27.75
44.06 43.99 43.98 44.02 44.08 44.16 44.23 44.28 44.29 44.28 44.27 44.27 44.3 44.39 44.53 44.72 44.95 45.19 45.41 45.58 45.7 45.73 45.69 45.58 45.42 45.24 45.06 44.9 44.77 44.68 44.64 44.62 44.62 44.63 44.63 44.62 44.6 44.58 44.57 44.58 44.6 44.63 44.65 44.65 43.97 43.97 43.87 43.71 43.53 43.35 43.18 43.04 42.83 42.5 42.11 41.64 41.27 41.04 40.91 40.89 41.01 41.3 41.76 42.46 43.32 44.16 44.83 44.97 44.46 43.5 42.17 40.32 37.9 36.01 34.26 32.54 31.09 30.18 29.7 29.52 29.42 29.4 29.43 29.48 30.68 30.43 30.22 30.07 29.96 29.9 29.83 29.74 29.6 29.43 29.24 29.04 28.84 28.66 28.47 28.23 27.93
45 44.91 44.87 44.89 44.95 45.02 45.07 45.1 45.08 45.03 44.96 44.9 44.86 44.87 44.92 45.02 45.16 45.31 45.46 45.57 45.64 45.66 45.61 45.51 45.37 45.21 45.04 44.89 44.75 44.65 44.57 44.53 44.5 44.48 44.46 44.43 44.4 44.37 44.34 44.32 44.31 44.31 44.3 44.28 43.48 43.44 43.34 43.23 43.08 42.89 42.74 42.63 42.46 42.2 41.89 41.56 41.21 40.94 40.77 40.74 40.92 41.24 41.74 42.4 43.21 43.97 44.59 44.51 44.03 43.16 41.77 40.06 37.63 35.68 34.01 32.36 30.94 30.07 29.67 29.57 29.53 29.52 29.53 29.53 30.55 30.24 29.99 29.8 29.68 29.61 29.57 29.51 29.43 29.32 29.19 29.04 28.9 28.75 28.59 28.38 28.08
45.97 45.84 45.77 45.77 45.8 45.84 45.86 45.85 45.8 45.71 45.59 45.47 45.37 45.31 45.28 45.3 45.35 45.42 45.5 45.56 45.59 45.59 45.55 45.47 45.35 45.21 45.06 44.89 44.74 44.6 44.48 44.38 44.3 44.25 44.2 44.17 44.13 44.1 44.06 44.03 44 43.98 43.95 43.91 43.14 42.91 42.66 42.54 42.4 42.22 42.1 42.01 41.9 41.74 41.57 41.41 41.22 41.03 40.84 40.71 40.73 40.96 41.42 42.01 42.69 43.4 43.78 43.76 43.27 42.45 41.2 39.29 37.14 35.21 33.59 32.09 30.79 29.98 29.65 29.64 29.7 29.74 29.76 29.73 30.47 30.13 29.83 29.61 29.47 29.4 29.37 29.35 29.32 29.27 29.19 29.1 29 28.88 28.72 28.5 28.18
46.78 46.62 46.52 46.48 46.47 46.48 46.46 46.42 46.33 46.21 46.06 45.9 45.76 45.65 45.57 45.52 45.51 45.52 45.53 45.55 45.55 45.54 45.5 45.44 45.34 45.22 45.07 44.89 44.7 44.51 44.33 44.18 44.05 43.95 43.88 43.84 43.81 43.79 43.76 43.74 43.71 43.67 43.62 43.57 42.57 42.32 42.05 41.81 41.63 41.44 41.26 41.1 40.99 40.92 40.88 40.86 40.84 40.8 40.74 40.63 40.54 40.6 40.84 41.33 41.89 42.37 42.68 42.67 42.39 41.86 40.85 39.17 36.88 34.83 33.22 31.83 30.7 30.01 29.72 29.76 29.91 30.02 30.06 30 30.47 30.11 29.78 29.53 29.37 29.29 29.27 29.28 29.29 29.28 29.25 29.2 29.12 29.01 28.84 28.59 28.23
47.31 47.13 47.01 46.93 46.89 46.86 46.81 46.73 46.62 46.47 46.31 46.14 45.99 45.86 45.75 45.68 45.62 45.58 45.55 45.52 45.49 45.46 45.43 45.38 45.3 45.19 45.04 44.85 44.63 44.39 44.15 43.94 43.76 43.62 43.54 43.49 43.47 43.47 43.47 43.47 43.44 43.4 43.35 43.28 42.18 41.92 41.63 41.3 41.04 40.76 40.5 40.27 40.12 40.03 39.99 39.98 40.05 40.18 40.25 40.23 40.12 40.08 40.22 40.6 41 41.4 41.64 41.66 41.46 41.07 40.32 39.06 36.95 34.69 32.92 31.57 30.59 30.02 29.83 29.9 30.12 30.28 30.35 30.28 30.52 30.16 29.83 29.55 29.37 29.28 29.26 29.28 29.32 29.34 29.34 29.31 29.24 29.11 28.92 28.63 28.21
47.51 47.34 47.21 47.12 47.05 46.98 46.9 46.8 46.67 46.51 46.35 46.19 46.05 45.93 45.82 45.73 45.66 45.58 45.51 45.45 45.39 45.34 45.3 45.25 45.18 45.08 44.94 44.74 44.5 44.22 43.94 43.68 43.46 43.3 43.2 43.16 43.16 43.19 43.21 43.23 43.22 43.19 43.13 43.06 42.09 41.83 41.51 41.16 40.79 40.39 40.03 39.73 39.49 39.33 39.2 39.11 39.14 39.3 39.5 39.59 39.58 39.53 39.59 39.81 40.16 40.51 40.78 40.86 40.73 40.4 39.75 38.77 37.14 34.87 32.9 31.57 30.64 30.14 29.95 30.02 30.25 30.44 30.53 30.47 30.6 30.26 29.93 29.65 29.45 29.35 29.32 29.35 29.4 29.44 29.45 29.41 29.33 29.17 28.94 28.6 28.13
47.42 47.28 47.17 47.08 47 46.91 46.81 46.68 46.54 46.39 46.24 46.1 45.98 45.88 45.79 45.7 45.61 45.51 45.41 45.31 45.22 45.14 45.08 45.02 44.96 44.87 44.73 44.54 44.3 44.01 43.71 43.43 43.19 43.01 42.91 42.87 42.89 42.94 42.99 43.02 43.03 43.01 42.95 42.87 42.77 42.64 42.5 42.34 42.17 41.97 41.76 41.55 41.34 41.13 40.94 40.76 40.59 40.43 40.29 40.17 40.11 40.11 40.21 40.39 40.63 40.87 41.05 41.08 40.87 40.38 39.59 38.53 37.28 35.96 34.67 33.54 32.64 32 31.61 31.4 31.3 31.22 31.1 30.91 30.64 30.33 30.02 29.75 29.56 29.46 29.43 29.45 29.5 29.53 29.54 29.49 29.37 29.18 28.9 28.51 28
47.15 47.06 46.98 46.91 46.83 46.74 46.62 46.49 46.34 46.19 46.05 45.93 45.84 45.75 45.67 45.59 45.49 45.37 45.24 45.1 44.96 44.85 44.75 44.68 44.61 44.53 44.41 44.24 44.02 43.75 43.47 43.19 42.95 42.77 42.67 42.63 42.66 42.71 42.78 42.82 42.84 42.82 42.77 42.68 42.58 42.45 42.3 42.13 41.93 41.71 41.46 41.2 40.95 40.71 40.49 40.29 40.12 39.97 39.84 39.74 39.67 39.67 39.73 39.87 40.07 40.3 40.49 40.56 40.45 40.08 39.43 38.51 37.38 36.13 34.89 33.75 32.8 32.09 31.62 31.35 31.2 31.11 31 30.83 30.61 30.34 30.06 29.82 29.65 29.55 29.53 29.56 29.6 29.63 29.61 29.54 29.39 29.15 28.82 28.39 27.84
46.8 46.78 46.75 46.71 46.64 46.54 46.42 46.29 46.14 45.99 45.86 45.75 45.66 45.59 45.51 45.42 45.31 45.17 45 44.81 44.64 44.48 44.35 44.25 44.16 44.08 43.98 43.84 43.66 43.43 43.19 42.94 42.72 42.55 42.45 42.42 42.44 42.49 42.55 42.6 42.62 42.6 42.55 42.47 42.37 42.24 42.1 41.93 41.73 41.49 41.23 40.94 40.65 40.37 40.11 39.89 39.71 39.56 39.43 39.33 39.27 39.25 39.29 39.4 39.57 39.79 39.99 40.12 40.09 39.85 39.34 38.56 37.56 36.4 35.19 34.04 33.04 32.25 31.68 31.31 31.09 30.95 30.83 30.68 30.49 30.26 30.03 29.83 29.69 29.62 29.62 29.65 29.69 29.71 29.68 29.57 29.38 29.1 28.73 28.26 27.7
46.47 46.52 46.53 46.52 46.46 46.38 46.26 46.12 45.97 45.83 45.7 45.59 45.49 45.41 45.33 45.22 45.09 44.92 44.72 44.49 44.27 44.07 43.89 43.76 43.65 43.57 43.48 43.38 43.24 43.06 42.87 42.66 42.48 42.33 42.23 42.19 42.2 42.24 42.29 42.32 42.34 42.32 42.27 42.2 42.11 42.01 41.89 41.74 41.56 41.33 41.07 40.77 40.46 40.15 39.86 39.62 39.41 39.24 39.11 39.01 38.93 38.9 38.91 38.99 39.13 39.33 39.53 39.7 39.74 39.6 39.23 38.59 37.71 36.66 35.51 34.36 33.32 32.46 31.79 31.32 31.01 30.81 30.65 30.49 30.32 30.13 29.94 29.79 29.69 29.66 29.68 29.73 29.77 29.79 29.73 29.6 29.37 29.05 28.64 28.15 27.58